1332273847.681020101 932 vm-mystery4 1073744528 0 1
1332273847.681051101 932 vm-mystery4 1073746080 0 1
1332273847.681075101 932 vm-mystery4 1075968992 0 1
1332273847.681103101 932 vm-mystery4 1075969448 2 1
1332273847.681139101 932 vm-mystery4 1073781456 0 1
1332273847.681164101 932 vm-mystery4 1073832448 0 1
1332273847.681188101 932 vm-mystery4 1073849044 0 1
1332273847.681223101 932 vm-mystery4 1073840592 0 1
1332273847.681249101 932 vm-mystery4 1073752048 0 1
1332273847.681273101 932 vm-mystery4 548680387234 0 1
1332273847.681297101 932 vm-mystery4 1073787104 0 1
1332273847.681322101 932 vm-mystery4 1073838848 0 1
1332273847.681358101 932 vm-mystery4 1073872936 2 1
1332273847.681385101 932 vm-mystery4 4194368 0 1
1332273847.681412101 932 vm-mystery4 1073754121 0 1
1332273847.681437101 932 vm-mystery4 6295120 0 1
1332273847.681462101 932 vm-mystery4 1073829648 0 1
1332273847.681498101 932 vm-mystery4 1073769568 0 1
1332273847.681552101 932 vm-mystery4 1073770778 0 1
1332273847.681577101 932 vm-mystery4 1073804592 0 1
1332273847.681601101 932 vm-mystery4 1073758208 0 1
1332273847.681625101 932 vm-mystery4 6295256 2 1
1332273847.681688101 932 vm-mystery4 1073794272 0 1
1332273847.681712101 932 vm-mystery4 1073797233 0 1
1332273847.681737101 932 vm-mystery4 1073801312 0 1
1332273847.681761101 932 vm-mystery4 1073777280 0 1
1332273847.681836101 932 vm-mystery4 1073885184 0 1
1332273847.681875101 932 vm-mystery4 1073892064 0 1
1332273847.681899101 932 vm-mystery4 1073893890 0 1
1332273847.681924101 932 vm-mystery4 1073765248 0 1
1332273847.681984101 932 vm-mystery4 1073879720 2 1
1332273847.682022101 932 vm-mystery4 1073812624 0 1
1332273847.682085101 932 vm-mystery4 1079565720 2 1
1332273847.682129101 932 vm-mystery4 1079561024 0 1
1332273847.682154101 932 vm-mystery4 1079561112 2 1
1332273847.682199101 932 vm-mystery4 1075974800 0 1
1332273847.682224101 932 vm-mystery4 1076061709 0 1
1332273847.682252101 932 vm-mystery4 1073809488 0 1
1332273847.682277101 932 vm-mystery4 1076066128 0 1
1332273847.682302101 932 vm-mystery4 1073881104 2 1
1332273847.682329101 932 vm-mystery4 1073815565 0 1
1332273847.682365101 932 vm-mystery4 1073899248 2 1
1332273847.682449101 932 vm-mystery4 1079547688 2 1
1332273847.682478101 932 vm-mystery4 1076068352 0 1
1332273847.682504101 932 vm-mystery4 1079549992 2 1
1332273847.682532101 932 vm-mystery4 1076072456 0 1
1332273847.682558101 932 vm-mystery4 1076076544 0 1
1332273847.682583101 932 vm-mystery4 1079554048 2 1
1332273847.682611101 932 vm-mystery4 1076080640 0 1
1332273847.682637101 932 vm-mystery4 1076084744 0 1
1332273847.682664101 932 vm-mystery4 1076088832 0 1
1332273847.682691101 932 vm-mystery4 1076092928 0 1
1332273847.682716101 932 vm-mystery4 1075998332 0 1
1332273847.682741101 932 vm-mystery4 1073783280 0 1
1332273847.682765101 932 vm-mystery4 1076046137 0 1
1332273847.682789101 932 vm-mystery4 1075982368 0 1
1332273847.682814101 932 vm-mystery4 1076023292 0 1
1332273847.682839101 932 vm-mystery4 1076054322 0 1
1332273847.682863101 932 vm-mystery4 1075979664 0 1
1332273847.682887101 932 vm-mystery4 1075986528 0 1
1332273847.682912101 932 vm-mystery4 1076023296 0 1
1332273847.682937101 932 vm-mystery4 1076018372 0 1
1332273847.682962101 932 vm-mystery4 1076041136 0 1
1332273847.682987101 932 vm-mystery4 1076013356 0 1
1332273847.683012101 932 vm-mystery4 1076036132 0 1
1332273847.683037101 932 vm-mystery4 1076006012 0 1
1332273847.683063101 932 vm-mystery4 1076029676 0 1
1332273847.683088101 932 vm-mystery4 1075993940 0 1
1332273847.683116101 932 vm-mystery4 1076033516 0 1
1332273847.683143101 932 vm-mystery4 1076056830 0 1
1332273847.683171101 932 vm-mystery4 1076047936 0 1
1332273847.683198101 932 vm-mystery4 1076002124 0 1
1332273847.683228101 932 vm-mystery4 1076008052 0 1
1332273847.683264101 932 vm-mystery4 1076097032 0 1
1332273847.683396101 932 vm-mystery4 1079581720 2 1
1332273847.683422101 932 vm-mystery4 1079573184 2 1
1332273847.683447101 932 vm-mystery4 1077253285 0 1
1332273847.683473101 932 vm-mystery4 1077162960 0 1
1332273847.683497101 932 vm-mystery4 1076915744 0 1
1332273847.683522101 932 vm-mystery4 1076502784 0 1
1332273847.683547101 932 vm-mystery4 1076499696 0 1
1332273847.683572101 932 vm-mystery4 1076541792 0 1
1332273847.683597101 932 vm-mystery4 1077236416 0 1
1332273847.683624101 932 vm-mystery4 1076197728 0 1
1332273847.683649101 932 vm-mystery4 1079582792 0 1
1332273847.683676101 932 vm-mystery4 1079567040 2 1
1332273847.683702101 932 vm-mystery4 1076182496 0 1
1332273847.683728101 932 vm-mystery4 1076857616 0 1
1332273847.683769101 932 vm-mystery4 1076887088 0 1
1332273847.683794101 932 vm-mystery4 1076390240 0 1
1332273847.683821101 932 vm-mystery4 1076911088 0 1
1332273847.683846101 932 vm-mystery4 1076301200 0 1
1332273847.683870101 932 vm-mystery4 1076259232 0 1
1332273847.683895101 932 vm-mystery4 1076279360 0 1
1332273847.683919101 932 vm-mystery4 548680368904 2 1
1332273847.683945101 932 vm-mystery4 548680367160 2 1
1332273847.683972101 932 vm-mystery4 1076526336 0 1
1332273847.683996101 932 vm-mystery4 1077264402 0 1
1332273847.684021101 932 vm-mystery4 1076458384 0 1
1332273847.684046101 932 vm-mystery4 1077231404 0 1
1332273847.684070101 932 vm-mystery4 1076264792 0 1
1332273847.684094101 932 vm-mystery4 1076270965 0 1
1332273847.684119101 932 vm-mystery4 1076275030 0 1
1332273847.684145101 932 vm-mystery4 1076446288 0 1
1332273847.684170101 932 vm-mystery4 1076449408 0 1
1332273847.684194101 932 vm-mystery4 1076454768 0 1
1332273847.684403101 932 vm-mystery4 1076443440 0 1
1332273847.684482101 932 vm-mystery4 1077284252 0 1
1332273847.684507101 932 vm-mystery4 1076157216 0 1
1332273847.684532101 932 vm-mystery4 1076161184 0 1
1332273847.684557101 932 vm-mystery4 1076153696 0 1
1332273847.684582101 932 vm-mystery4 1077259792 0 1
1332273847.684606101 932 vm-mystery4 1076514752 0 1
1332273847.684630101 932 vm-mystery4 1076514817 0 1
1332273847.684654101 932 vm-mystery4 1076906896 0 1
1332273847.684681101 932 vm-mystery4 1077172398 0 1
1332273847.684706101 932 vm-mystery4 1076194672 0 1
1332273847.684731101 932 vm-mystery4 1076163163 0 1
1332273847.684820101 932 vm-mystery4 1076662416 0 1
