1332273846.003960982 930 vm-mystery3 1073744528 0 1
1332273846.004045982 930 vm-mystery3 1073746080 0 1
1332273846.004115982 930 vm-mystery3 1075968992 0 1
1332273846.004285982 930 vm-mystery3 1073781456 0 1
1332273846.004355982 930 vm-mystery3 1073832448 0 1
1332273846.004421982 930 vm-mystery3 1073849044 0 1
1332273846.004519982 930 vm-mystery3 1073840592 0 1
1332273846.004585982 930 vm-mystery3 1073752048 0 1
1332273846.004657982 930 vm-mystery3 548680563362 0 1
1332273846.004723982 930 vm-mystery3 1073787104 0 1
1332273846.004793982 930 vm-mystery3 1073838848 0 1
1332273846.004966982 930 vm-mystery3 4194368 0 1
1332273846.005038982 930 vm-mystery3 1073754121 0 1
1332273846.005108982 930 vm-mystery3 6295120 0 1
1332273846.005177982 930 vm-mystery3 1073829648 0 1
1332273846.005277982 930 vm-mystery3 1073769568 0 1
1332273846.005421982 930 vm-mystery3 1073770778 0 1
1332273846.005492982 930 vm-mystery3 1073804592 0 1
1332273846.005559982 930 vm-mystery3 1073758208 0 1
1332273846.005798982 930 vm-mystery3 1073794272 0 1
1332273846.005865982 930 vm-mystery3 1073797233 0 1
1332273846.005934982 930 vm-mystery3 1073801312 0 1
1332273846.006001982 930 vm-mystery3 1073777280 0 1
1332273846.006275982 930 vm-mystery3 1073885184 0 1
1332273846.006381982 930 vm-mystery3 1073892064 0 1
1332273846.006449982 930 vm-mystery3 1073893890 0 1
1332273846.006520982 930 vm-mystery3 1073765248 0 1
1332273846.006792982 930 vm-mystery3 1073812624 0 1
1332273846.007089982 930 vm-mystery3 1079561024 0 1
1332273846.007283982 930 vm-mystery3 1075974800 0 1
1332273846.007356982 930 vm-mystery3 1076061709 0 1
1332273846.007428982 930 vm-mystery3 1073809488 0 1
1332273846.007498982 930 vm-mystery3 1076066128 0 1
1332273846.007646982 930 vm-mystery3 1073815565 0 1
1332273846.008051982 930 vm-mystery3 1076068352 0 1
1332273846.008200982 930 vm-mystery3 1076072456 0 1
1332273846.008274982 930 vm-mystery3 1076076544 0 1
1332273846.008419982 930 vm-mystery3 1076080640 0 1
1332273846.008489982 930 vm-mystery3 1076084744 0 1
1332273846.008562982 930 vm-mystery3 1076088832 0 1
1332273846.008634982 930 vm-mystery3 1076092928 0 1
1332273846.008705982 930 vm-mystery3 1075998332 0 1
1332273846.008772982 930 vm-mystery3 1073783280 0 1
1332273846.008841982 930 vm-mystery3 1076046137 0 1
1332273846.008909982 930 vm-mystery3 1075982368 0 1
1332273846.008980982 930 vm-mystery3 1076023292 0 1
1332273846.009046982 930 vm-mystery3 1076054322 0 1
1332273846.009116982 930 vm-mystery3 1075979664 0 1
1332273846.009183982 930 vm-mystery3 1075986528 0 1
1332273846.009252982 930 vm-mystery3 1076023296 0 1
1332273846.009321982 930 vm-mystery3 1076018372 0 1
1332273846.009390982 930 vm-mystery3 1076041136 0 1
1332273846.009459982 930 vm-mystery3 1076013356 0 1
1332273846.009530982 930 vm-mystery3 1076036132 0 1
1332273846.009599982 930 vm-mystery3 1076006012 0 1
1332273846.009673982 930 vm-mystery3 1076029676 0 1
1332273846.009742982 930 vm-mystery3 1075993940 0 1
1332273846.009817982 930 vm-mystery3 1076033516 0 1
1332273846.009891982 930 vm-mystery3 1076056830 0 1
1332273846.009969982 930 vm-mystery3 1076047936 0 1
1332273846.010041982 930 vm-mystery3 1076002124 0 1
1332273846.010123982 930 vm-mystery3 1076008052 0 1
1332273846.010213982 930 vm-mystery3 1076097032 0 1
1332273846.010723982 930 vm-mystery3 1077253285 0 1
1332273846.010790982 930 vm-mystery3 1077162960 0 1
1332273846.010860982 930 vm-mystery3 1076915744 0 1
1332273846.010927982 930 vm-mystery3 1076502784 0 1
1332273846.010996982 930 vm-mystery3 1076499696 0 1
1332273846.011063982 930 vm-mystery3 1076541792 0 1
1332273846.011134982 930 vm-mystery3 1077236416 0 1
1332273846.011206982 930 vm-mystery3 1076197728 0 1
1332273846.011276982 930 vm-mystery3 1079582792 0 1
1332273846.011416982 930 vm-mystery3 1076182496 0 1
1332273846.011486982 930 vm-mystery3 1076200848 0 1
