1332273844.970885931 928 vm-mystery2 1073744528 0 1
1332273844.970970931 928 vm-mystery2 1073746080 0 1
1332273844.971040931 928 vm-mystery2 1075968992 0 1
1332273844.971211931 928 vm-mystery2 1073781456 0 1
1332273844.971277931 928 vm-mystery2 1073832448 0 1
1332273844.971346931 928 vm-mystery2 1073849044 0 1
1332273844.971443931 928 vm-mystery2 1073840592 0 1
1332273844.971509931 928 vm-mystery2 1073752048 0 1
1332273844.971578931 928 vm-mystery2 548678253218 0 1
1332273844.971648931 928 vm-mystery2 1073787104 0 1
1332273844.971719931 928 vm-mystery2 1073838848 0 1
1332273844.971892931 928 vm-mystery2 4194368 0 1
1332273844.971965931 928 vm-mystery2 1073754121 0 1
1332273844.972035931 928 vm-mystery2 6295120 0 1
1332273844.972104931 928 vm-mystery2 1073829648 0 1
1332273844.972204931 928 vm-mystery2 1073769568 0 1
1332273844.972348931 928 vm-mystery2 1073770778 0 1
1332273844.972416931 928 vm-mystery2 1073804592 0 1
1332273844.972485931 928 vm-mystery2 1073758208 0 1
1332273844.972722931 928 vm-mystery2 1073794272 0 1
1332273844.972790931 928 vm-mystery2 1073797233 0 1
1332273844.972856931 928 vm-mystery2 1073801312 0 1
1332273844.972926931 928 vm-mystery2 1073777280 0 1
1332273844.973201931 928 vm-mystery2 1073885184 0 1
1332273844.973308931 928 vm-mystery2 1073892064 0 1
1332273844.973375931 928 vm-mystery2 1073893890 0 1
1332273844.973446931 928 vm-mystery2 1073765248 0 1
1332273844.973714931 928 vm-mystery2 1073812624 0 1
1332273844.974013931 928 vm-mystery2 1079561024 0 1
1332273844.974207931 928 vm-mystery2 1075974800 0 1
1332273844.974277931 928 vm-mystery2 1076061709 0 1
1332273844.974350931 928 vm-mystery2 1073809488 0 1
1332273844.974418931 928 vm-mystery2 1076066128 0 1
1332273844.974563931 928 vm-mystery2 1073815565 0 1
1332273844.974971931 928 vm-mystery2 1076068352 0 1
1332273844.975117931 928 vm-mystery2 1076072456 0 1
1332273844.975189931 928 vm-mystery2 1076076544 0 1
1332273844.975334931 928 vm-mystery2 1076080640 0 1
1332273844.975403931 928 vm-mystery2 1076084744 0 1
1332273844.975475931 928 vm-mystery2 1076088832 0 1
1332273844.975544931 928 vm-mystery2 1076092928 0 1
1332273844.975619931 928 vm-mystery2 1075998332 0 1
1332273844.975685931 928 vm-mystery2 1073783280 0 1
1332273844.975755931 928 vm-mystery2 1076046137 0 1
1332273844.975823931 928 vm-mystery2 1075982368 0 1
1332273844.975893931 928 vm-mystery2 1076023292 0 1
1332273844.975960931 928 vm-mystery2 1076054322 0 1
1332273844.976029931 928 vm-mystery2 1075979664 0 1
1332273844.976096931 928 vm-mystery2 1075986528 0 1
1332273844.976165931 928 vm-mystery2 1076023296 0 1
1332273844.976234931 928 vm-mystery2 1076018372 0 1
1332273844.976300931 928 vm-mystery2 1076041136 0 1
1332273844.976372931 928 vm-mystery2 1076013356 0 1
1332273844.976439931 928 vm-mystery2 1076036132 0 1
1332273844.976511931 928 vm-mystery2 1076006012 0 1
1332273844.976580931 928 vm-mystery2 1076029676 0 1
1332273844.976654931 928 vm-mystery2 1075993940 0 1
1332273844.976727931 928 vm-mystery2 1076033516 0 1
1332273844.976804931 928 vm-mystery2 1076056830 0 1
1332273844.976881931 928 vm-mystery2 1076047936 0 1
1332273844.976953931 928 vm-mystery2 1076002124 0 1
1332273844.977037931 928 vm-mystery2 1076008052 0 1
1332273844.977127931 928 vm-mystery2 1076097032 0 1
1332273844.977638931 928 vm-mystery2 1077253285 0 1
1332273844.977706931 928 vm-mystery2 1077162960 0 1
1332273844.977776931 928 vm-mystery2 1076915744 0 1
1332273844.977843931 928 vm-mystery2 1076502784 0 1
1332273844.977914931 928 vm-mystery2 1076499696 0 1
1332273844.977981931 928 vm-mystery2 1076541792 0 1
1332273844.978051931 928 vm-mystery2 1077236416 0 1
1332273844.978124931 928 vm-mystery2 1076197728 0 1
1332273844.978194931 928 vm-mystery2 1079582792 0 1
1332273844.978333931 928 vm-mystery2 1076182496 0 1
1332273844.978403931 928 vm-mystery2 1076200848 0 1
1332273845.860032978 928 vm-mystery2 1076460256 0 1
1332273845.860138978 928 vm-mystery2 1076455808 0 1
1332273845.860208978 928 vm-mystery2 1076662416 0 1
