1332273847.681103101 932 vm-mystery4 1075969448 2 1
1332273847.681358101 932 vm-mystery4 1073872936 2 1
1332273847.681625101 932 vm-mystery4 6295256 2 1
1332273847.681984101 932 vm-mystery4 1073879720 2 1
1332273847.682085101 932 vm-mystery4 1079565720 2 1
1332273847.682154101 932 vm-mystery4 1079561112 2 1
1332273847.682302101 932 vm-mystery4 1073881104 2 1
1332273847.682365101 932 vm-mystery4 1073899248 2 1
1332273847.682449101 932 vm-mystery4 1079547688 2 1
1332273847.682504101 932 vm-mystery4 1079549992 2 1
1332273847.682583101 932 vm-mystery4 1079554048 2 1
1332273847.683396101 932 vm-mystery4 1079581720 2 1
1332273847.683422101 932 vm-mystery4 1079573184 2 1
1332273847.683676101 932 vm-mystery4 1079567040 2 1
1332273847.683919101 932 vm-mystery4 548680368904 2 1
1332273847.683945101 932 vm-mystery4 548680367160 2 1
