1332273844.295426918 926 vm-mystery1 1073744528 0 1
1332273844.295511918 926 vm-mystery1 1073746080 0 1
1332273844.295578918 926 vm-mystery1 1075968992 0 1
1332273844.295749918 926 vm-mystery1 1073781456 0 1
1332273844.295816918 926 vm-mystery1 1073832448 0 1
1332273844.295883918 926 vm-mystery1 1073849044 0 1
1332273844.295977918 926 vm-mystery1 1073840592 0 1
1332273844.296043918 926 vm-mystery1 1073752048 0 1
1332273844.296110918 926 vm-mystery1 1073787104 0 1
1332273844.296177918 926 vm-mystery1 1073838848 0 1
1332273844.296346918 926 vm-mystery1 4194368 0 1
1332273844.296418918 926 vm-mystery1 1073754121 0 1
1332273844.296485918 926 vm-mystery1 6295120 0 1
1332273844.296555918 926 vm-mystery1 1073829648 0 1
1332273844.296655918 926 vm-mystery1 1073769568 0 1
1332273844.296795918 926 vm-mystery1 1073770778 0 1
1332273844.296863918 926 vm-mystery1 1073804592 0 1
1332273844.296929918 926 vm-mystery1 1073758208 0 1
1332273844.297157918 926 vm-mystery1 1073794272 0 1
1332273844.297223918 926 vm-mystery1 1073797233 0 1
1332273844.297289918 926 vm-mystery1 1073801312 0 1
1332273844.297356918 926 vm-mystery1 1073777280 0 1
1332273844.297625918 926 vm-mystery1 1073885184 0 1
1332273844.297729918 926 vm-mystery1 1073892064 0 1
1332273844.297796918 926 vm-mystery1 1073893890 0 1
1332273844.297864918 926 vm-mystery1 1073765248 0 1
1332273844.298125918 926 vm-mystery1 1073812624 0 1
1332273844.298414918 926 vm-mystery1 1079561024 0 1
1332273844.298607918 926 vm-mystery1 1075974800 0 1
1332273844.298677918 926 vm-mystery1 1076061709 0 1
1332273844.298748918 926 vm-mystery1 1073809488 0 1
1332273844.298817918 926 vm-mystery1 1076066128 0 1
1332273844.298959918 926 vm-mystery1 1073815565 0 1
1332273844.299355918 926 vm-mystery1 1076068352 0 1
1332273844.299497918 926 vm-mystery1 1076072456 0 1
1332273844.299567918 926 vm-mystery1 1076076544 0 1
1332273844.299714918 926 vm-mystery1 1076080640 0 1
1332273844.299784918 926 vm-mystery1 1076084744 0 1
1332273844.299854918 926 vm-mystery1 1076088832 0 1
1332273844.299923918 926 vm-mystery1 1076092928 0 1
1332273844.299992918 926 vm-mystery1 1075998332 0 1
1332273844.300058918 926 vm-mystery1 1073783280 0 1
1332273844.300125918 926 vm-mystery1 1076046137 0 1
1332273844.300192918 926 vm-mystery1 1075982368 0 1
1332273844.300260918 926 vm-mystery1 1076023292 0 1
1332273844.300325918 926 vm-mystery1 1076054322 0 1
1332273844.300392918 926 vm-mystery1 1075979664 0 1
1332273844.300459918 926 vm-mystery1 1075986528 0 1
1332273844.300525918 926 vm-mystery1 1076023296 0 1
1332273844.300597918 926 vm-mystery1 1076018372 0 1
1332273844.300663918 926 vm-mystery1 1076041136 0 1
1332273844.300731918 926 vm-mystery1 1076013356 0 1
1332273844.300799918 926 vm-mystery1 1076036132 0 1
1332273844.300868918 926 vm-mystery1 1076006012 0 1
1332273844.300937918 926 vm-mystery1 1076029676 0 1
1332273844.301005918 926 vm-mystery1 1075993940 0 1
1332273844.301078918 926 vm-mystery1 1076033516 0 1
1332273844.301152918 926 vm-mystery1 1076056830 0 1
1332273844.301227918 926 vm-mystery1 1076047936 0 1
1332273844.301298918 926 vm-mystery1 1076002124 0 1
1332273844.301379918 926 vm-mystery1 1076008052 0 1
1332273844.301469918 926 vm-mystery1 1076097032 0 1
1332273844.301971918 926 vm-mystery1 1077253285 0 1
1332273844.302039918 926 vm-mystery1 1077162960 0 1
1332273844.302106918 926 vm-mystery1 1076915744 0 1
1332273844.302173918 926 vm-mystery1 1076502784 0 1
1332273844.302239918 926 vm-mystery1 1076499696 0 1
1332273844.302306918 926 vm-mystery1 1076541792 0 1
1332273844.302374918 926 vm-mystery1 1077236416 0 1
1332273844.302447918 926 vm-mystery1 1076197728 0 1
1332273844.302514918 926 vm-mystery1 1079582792 0 1
1332273844.302653918 926 vm-mystery1 1076182496 0 1
1332273844.302723918 926 vm-mystery1 1076483984 0 1
1332273844.302790918 926 vm-mystery1 1076469184 0 1
1332273844.302856918 926 vm-mystery1 1076884736 0 1
1332273844.302923918 926 vm-mystery1 1076469920 0 1
1332273844.302988918 926 vm-mystery1 1077159456 0 1
1332273844.303135918 926 vm-mystery1 1076975584 0 1
1332273844.303204918 926 vm-mystery1 1076475776 0 1
1332273844.303271918 926 vm-mystery1 1076478096 0 1
1332273844.303339918 926 vm-mystery1 1077284064 0 1
1332273844.303409918 926 vm-mystery1 1076902096 0 1
1332273844.303687918 926 vm-mystery1 1076200848 0 1
